SYNC=MUTEX
N=1000000
P=[1,2,3,4,5,6,7,8,9,10,11,12,13,14,15,]
T=[29220,237209,356705,1003393,2096900,3260478,3611438,4030321,4144585,4317234,4204467,4691918,5063714,5613200,6529263,]

SYNC=MUTEX
N=1000000
P=[16,20,24,28,32,36,40,44,48,52,56,60,64,128,]
T=[5865207,6190703,7077599,12348682,25261936,40414021,46188929,52299980,61005489,77047723,89643867,109411462,112293381,360678306,]

SYNC=MUTEX
P=4
N=[100000,200000,300000,400000,500000,600000,700000,800000,900000,1000000,1100000,1200000,1300000,1400000,1500000,1600000,1700000,1800000,1900000,2000000,]
T=[135528,237202,303853,379801,470500,638617,691641,767529,932833,952694,1068910,1107025,1432436,1348802,1701500,1672601,1840534,1742657,2326547,1908202,]

SYNC=MUTEX
P=12
N=[100000,200000,300000,400000,500000,600000,700000,800000,900000,1000000,1100000,1200000,1300000,1400000,1500000,1600000,1700000,1800000,1900000,2000000,]
T=[513223,1062580,1525639,2028884,2253340,3609908,5291572,4319662,5099938,5420208,6105831,7337049,7610933,8132178,9808041,9834132,9970982,10727021,10664408,11120674,]

SYNC=SPINLOCK
P=12
N=[100000,200000,300000,400000,500000,600000,700000,800000,900000,1000000,1100000,1200000,1300000,1400000,1500000,1600000,1700000,1800000,1900000,2000000,]
T=[266325,581413,892411,1086596,1376731,1761598,1978090,2282484,2613040,2768103,3121898,4330585,3973072,4126345,4753882,4447596,5036513,6675868,5619657,5579775,]
